0 0000000001f000000000 31
1 00000000000000000000 0
2 000fffffff6000000000 -10
3 00000000005000000000 5
4 00000000002000000000 2
5 00000000002000000000 2
6 00000000002000000000 2
7 00000000002000000000 2
8 00000000002000000000 2
9 00000000002000000000 2
10 00000000002000000000 2
11 00000000002000000000 2
12 00000000002000000000 2
13 00000000002000000000 2
14 00000000002000000000 2
15 00000000002000000000 2
16 00000000002000000000 2
17 00000000002000000000 2
18 00000000002000000000 2
19 00000000002000000000 2
20 00000000002000000000 2
21 00000000002000000000 2
22 00000000002000000000 2
23 00000000002000000000 2
24 00000000005000000000 5
25 00000000048000000000 72
26 00000000065000000000 101
27 0000000006c000000000 108
28 0000000006c000000000 108
29 0000000006f000000000 111
30 00000000018000000000 24
31 0a10000000040000001e mov %rax *30
32 0120000001e000000001 add #30 1
33 01200000005200000018 add #5 #24
34 01200000005200000002 add #5 #2
35 0120000000540000001e add #5 *30
36 0c30000000140000001e movo !1 *30
37 0120000001e000000001 add #30 1
38 02200000003000000001 sub #3 1
39 0f000000021000000000 jnz 33
40 15000000000000000000 hlt
